[(4768,7209),
 (4285,4325),
 (5069,6992),
 (4045,4498),
 (3848,8843),
 (6041,2613),
 (7684,3082),
 (6044,3854),
 (3447,4664),
 (6574,5602),
 (3570,7349),
 (4525,5350),
 (5069,4507),
 (4514,9062),
 (4299,3993),
 (4848,3222),
 (5772,9297),
 (2985,5495),
 (5931,4312),
 (3177,6887),
 (3292,5375),
 (8141,3642),
 (5795,3398),
 (3902,4696),
 (3996,7616),
 (6794,4376),
 (5564,10606),
 (3779,5878),
 (5535,7998),
 (5354,4186),
 (5491,7074),
 (5574,3381),
 (4452,4259),
 (3974,2712),
 (4121,6180),
 (3891,9320),
 (6130,3354),
 (6586,3577),
 (5693,7640),
 (4866,6716),
 (4760,7169),
 (5021,8150),
 (4053,6237),
 (5824,10299),
 (6651,8775),
 (6207,5495),
 (6362,4109),
 (4781,6257),
 (6849,5519),
 (5664,9425),
 (3558,7206),
 (5960,4781),
 (4001,5548),
 (3785,4777),
 (6182,9964),
 (5486,4287),
 (5316,3549),
 (7400,3216),
 (5080,9826),
 (3987,8746),
 (4141,6195),
 (4209,5250),
 (5670,10186),
 (5036,10656),
 (7481,3058),
 (6404,8849),
 (5100,5414),
 (5479,3871),
 (4008,7036),
 (6962,3769),
 (3883,6327),
 (3210,4941),
 (4169,5764),
 (4006,6027),
 (7712,4194),
 (4186,5076),
 (6138,7987),
 (5711,9805),
 (3366,6501),
 (3569,4843),
 (6822,3593),
 (2945,6284),
 (3536,5641),
 (6558,4685),
 (5810,5544),
 (4676,9443),
 (6739,5262),
 (5527,3670),
 (5336,6721),
 (5094,9717),
 (4651,3343),
 (4988,9068),
 (6060,4322),
 (5908,8378),
 (6206,4074),
 (6822,5666),
 (3962,6095),
 (4972,3398),
 (4615,9329),
 (5281,7718),
 (3514,6688),
 (6937,3028),
 (6093,4961),
 (3736,5763),
 (6066,3610),
 (3812,6085),
 (4630,7574),
 (3427,6294),
 (4728,3683),
 (6112,8896),
 (3588,5702),
 (6341,4406),
 (5431,6861),
 (5199,3820),
 (5129,8031),
 (6683,4996),
 (7504,3824),
 (5975,8612),
 (4401,6012),
 (6858,3346),
 (3451,5208),
 (3472,5689),
 (6993,5272),
 (6914,3343),
 (4630,6415),
 (5599,5527),
 (3500,6756),
 (4571,8193),
 (5090,8984),
 (5583,8011),
 (4189,5824),
 (6009,2946),
 (3951,5965),
 (3954,2845),
 (5015,8676),
 (5975,10191),
 (5229,6466),
 (6206,2835),
 (7608,3944),
 (3440,5366),
 (6240,7900),
 (4737,6600),
 (5755,7042),
 (3994,2735),
 (3296,6897),
 (3282,5787),
 (6378,3438),
 (5140,5852),
 (4223,5628),
 (4609,7774),
 (5387,2833),
 (4845,3319),
 (4086,3379),
 (7093,5670),
 (4812,4070),
 (4581,7203),
 (7955,2791),
 (5914,9889),
 (5646,3869),
 (4294,6917),
 (3476,6440),
 (4234,8214),
 (6968,3469),
 (3597,5371),
 (4554,4128),
 (5271,4191),
 (5032,5197),
 (5280,10699),
 (4733,9587),
 (5998,7398),
 (7032,4835),
 (6176,4229),
 (5279,4003),
 (5388,8890),
 (3937,7926),
 (4279,5502),
 (8163,3557),
 (3649,6397),
 (4097,2853),
 (4943,4601),
 (6306,3973),
 (4640,4751),
 (6647,2873),
 (3426,7089),
 (4909,7066),
 (5145,10048),
 (4184,5801),
 (3596,6977),
 (3182,6732),
 (5849,9248),
 (5246,7953),
 (4223,7817),
 (3802,5435),
 (7319,3853),
 (5310,6730),
 (4264,4459),
 (4748,8912),
 (5027,5425),
 (3493,5498),
 (6058,8620),
 (3216,5644),
 (4613,10530),
 (4683,5828),
 (4023,5522),
 (3874,7978),
 (5519,7901),
 (5133,7797),
 (5724,4935),
 (6585,4118),
 (4905,4626),
 (5288,7626),
 (3791,6964),
 (5773,9400),
 (4057,7573),
 (6035,9281),
 (5061,7063),
 (6440,3090),
 (3391,5292),
 (7109,3555),
 (5886,2736),
 (4723,3587),
 (5758,8613),
 (3946,4986),
 (6318,8614),
 (4920,10088),
 (5360,6078),
 (3675,7133),
 (3856,5894),
 (3638,5714),
 (5531,7701),
 (4693,9395),
 (4278,6138),
 (3738,4952),
 (4051,5043),
 (5306,3164),
 (6574,3693),
 (3694,7147),
 (4375,7229),
 (4406,3921),
 (6149,2964),
 (8383,4081),
 (3986,9300),
 (5879,9382),
 (5836,7374),
 (5863,4422),
 (4913,3038),
 (6102,8323),
 (4698,4682),
 (5471,10613),
 (3920,6929),
 (3988,7043),
 (4458,4899),
 (4172,6096),
 (5211,3590),
 (5914,4919),
 (5825,9515),
 (6011,9369),
 (5940,10114),
 (4791,3149),
 (6650,4863),
 (5104,3690),
 (6482,5706),
 (3656,5820),
 (6068,9161),
 (6007,8468),
 (7375,5357),
 (7790,3176),
 (4525,3051),
 (5527,5414),
 (4636,8938),
 (4775,5511),
 (4961,8684),
 (5907,7901),
 (4944,7985),
 (5763,6602),
 (5550,8019),
 (4429,4539),
 (7003,2941),
 (4251,2873),
 (6026,5286),
 (4836,4424),
 (8035,3929),
 (4154,5657),
 (3221,5601),
 (3933,7008),
 (3783,6900),
 (3272,5306),
 (4739,9436),
 (5408,7454),
 (5989,9679),
 (4297,2678),
 (5930,7656),
 (5006,4702),
 (7323,4757),
 (5157,10255),
 (4908,6465),
 (5254,9877),
 (3853,6732),
 (3103,7463),
 (5988,9625),
 (4761,4430),
 (3410,6794),
 (7481,4264),
 (4374,4925),
 (5401,2797),
 (3919,5219),
 (5308,9755),
 (3159,5599),
 (3026,5495),
 (5075,3692),
 (3247,6594),
 (5212,7134),
 (3410,5173),
 (5281,7547),
 (5772,9328),
 (4798,5976),
 (4511,2770),
 (6892,3541),
 (5159,4438),
 (4032,6560),
 (3929,4630),
 (6446,3744),
 (6418,4779),
 (5389,8394),
 (3398,6296),
 (3856,9314),
 (5567,7595),
 (4808,5494),
 (5584,4688),
 (4887,10833),
 (5988,8037),
 (5257,7979),
 (7961,8340),
 (7507,3466),
 (7138,5068),
 (4621,4390),
 (3659,4937),
 (5285,2909),
 (3220,5434),
 (6274,7704),
 (5773,5273),
 (5550,3623),
 (4027,6364),
 (4989,10070),
 (4611,3661),
 (5476,9546),
 (4028,6130),
 (5485,10201),
 (5432,8065),
 (6902,3306),
 (4101,5652),
 (6169,7885),
 (4957,3932),
 (5098,4624),
 (5273,6278),
 (7028,5720),
 (3603,6999),
 (4120,5760),
 (5833,7907),
 (4413,6718),
 (4289,3334),
 (5057,8788),
 (5551,7608),
 (5614,9170),
 (6042,8198),
 (7035,5627),
 (4214,7147),
 (4072,6030),
 (4400,6291),
 (4307,3548),
 (6374,7877),
 (7481,3692),
 (5772,5682),
 (5074,2930),
 (4826,4298),
 (3892,7196),
 (5477,9776),
 (4246,5425),
 (3563,5667),
 (5504,7742),
 (4807,5891),
 (7060,4660),
 (5459,7198),
 (3994,9478),
 (7593,4552),
 (5163,3816),
 (5526,9917),
 (5017,6970),
 (4171,4908),
 (5406,6316),
 (4989,6346),
 (5045,4280),
 (6113,7313),
 (5218,5265),
 (6277,4457),
 (5928,4641),
 (5665,9311),
 (4774,5632),
 (4484,6646),
 (4327,6127),
 (4882,6364),
 (5670,7736),
 (4443,7821),
 (4976,6868),
 (6975,4091),
 (3427,5449),
 (4050,5999),
 (6059,5507),
 (3687,5808),
 (4610,4808),
 (5684,9488),
 (5257,3236),
 (5240,10562),
 (5432,10023),
 (5324,10369),
 (6815,3943),
 (6008,9300),
 (4598,7614),
 (5051,2842),
 (3844,4923),
 (5773,10175),
 (2962,5437),
 (7412,4164),
 (3374,5671),
 (5638,10427),
 (3341,5625),
 (5008,2955),
 (5027,6138),
 (3396,5248),
 (5694,9164),
 (6770,3544),
 (5289,3603),
 (5299,9039),
 (5233,4436),
 (5667,3497),
 (6949,4946),
 (3757,5329),
 (3584,5683),
 (4337,5724),
 (5242,3150),
 (5089,8472),
 (4552,5683),
 (3565,6631),
 (3941,7243),
 (4670,3992),
 (4018,6054),
 (3861,6838),
 (7545,3499),
 (6758,3335),
 (3860,6883),
 (5371,9751),
 (6937,3640),
 (5286,8548),
 (5188,3637),
 (3941,6958),
 (4112,5998),
 (5316,9447),
 (3448,5400),
 (5021,7083),
 (4874,3532),
 (5173,3156),
 (4302,4343),
 (7255,4557),
 (5994,4031),
 (5377,3803),
 (3063,6054),
 (3625,6398),
 (4626,8069),
 (5276,2787),
 (5402,4871),
 (4858,2947),
 (4076,5204),
 (3241,5956),
 (6034,9562),
 (5862,5499),
 (4496,8480),
 (4576,9291),
 (8142,4120),
 (4544,2735),
 (4006,8698),
 (6865,3289),
 (6154,8063),
 (6141,9484),
 (4594,4710),
 (5667,8318),
 (4989,9736),
 (4439,4871),
 (4576,5628),
 (6049,9086),
 (4740,4083),
 (4993,6125),
 (5476,7361),
 (6574,5161),
 (6897,4511),
 (4878,3242),
 (5102,8545),
 (3627,5917),
 (4038,5694),
 (5602,3860),
 (5830,3640),
 (6507,4793),
 (4953,3494),
 (7646,4247),
 (5164,10168),
 (5908,7823),
 (4798,5512),
 (5755,10045),
 (6142,3969),
 (5268,9733),
 (6348,5316),
 (3681,4914),
 (6689,3579),
 (5570,6447),
 (3985,4502),
 (4279,3759),
 (4682,3483),
 (5073,7909),
 (4623,6479),
 (4055,5096),
 (5422,8028),
 (4767,8112),
 (4988,7882),
 (4869,5827),
 (5308,3927),
 (3912,5196),
 (5107,10237),
 (4684,6487),
 (5593,6037),
 (5872,8547),
 (5145,9840),
 (4167,5640),
 (3680,7097),
 (4625,4807),
 (3609,5203),
 (4812,5086),
 (5428,7029),
 (3922,2820),
 (3923,7063),
 (4403,5157),
 (3526,4742),
 (4863,3437),
 (4665,4255),
 (4866,10616),
 (4144,5598),
 (4779,6089),
 (3841,4747),
 (3014,5308),
 (2990,5555),
 (3908,6247),
 (4066,2810),
 (5628,7387),
 (6187,4108),
 (6072,3542),
 (5165,10111),
 (4995,10422),
 (3276,6459),
 (4186,4954),
 (3905,6514),
 (5757,8283),
 (5725,3296),
 (3994,5551),
 (5441,9459),
 (8041,3909),
 (4119,3484),
 (6081,4458),
 (5412,6887),
 (4046,9207),
 (4980,5674),
 (6375,4758),
 (5195,7045),
 (4726,8296),
 (4071,5468),
 (5707,9661),
 (5789,9966),
 (6881,5603),
 (5047,3852),
 (3530,5403),
 (7472,4202),
 (5007,2990),
 (6370,8906),
 (7035,3219),
 (5917,3856),
 (6027,3699),
 (4826,4964),
 (5020,10183),
 (5119,10463),
 (5216,9677),
 (5355,3562),
 (3887,6133),
 (5019,10412),
 (3080,5385),
 (7226,5126),
 (4072,4884),
 (3622,4514),
 (3702,7657),
 (5217,9357),
 (6792,3383),
 (4792,3404),
 (4582,5967),
 (4937,4646),
 (7297,5320),
 (6520,8772),
 (3623,5801),
 (5210,9580),
 (3454,7011),
 (4985,10752),
 (4013,5829),
 (5408,6023),
 (6181,3420),
 (4683,6035),
 (7209,3287),
 (3996,9082),
 (3266,4825),
 (7276,3192),
 (6448,4216),
 (4619,3487),
 (4566,2778),
 (4840,7129),
 (5552,9338),
 (5286,3953),
 (4402,3320),
 (3526,7347),
 (4683,9119),
 (4409,4060),
 (6605,3497),
 (3366,6174),
 (4680,4740),
 (4534,6287),
 (4569,3411),
 (5219,8514),
 (4994,10094),
 (5490,3166),
 (5204,3632),
 (5928,2755),
 (4599,3307),
 (3702,4739),
 (4614,5814),
 (5457,7535),
 (4305,2966),
 (3576,7018),
 (5623,10231),
 (3104,5455),
 (6793,5429),
 (5483,10470),
 (3829,5739),
 (3527,6677),
 (6034,4740),
 (4584,8648),
 (3795,8181),
 (4371,6977),
 (3552,6555),
 (4690,10626),
 (5705,4892),
 (6834,4918),
 (5322,7589),
 (6721,8790),
 (5680,4445),
 (5159,4786),
 (3019,5479),
 (6462,5489),
 (3612,5694),
 (3964,4737),
 (4077,4996),
 (3673,4839),
 (4475,5272),
 (4246,5688),
 (6281,8163),
 (7272,5338),
 (4188,6012),
 (4901,4852),
 (4135,5257),
 (5404,4748),
 (5859,9808),
 (6036,4441),
 (5007,6836),
 (5738,9333),
 (4897,5605),
 (3732,6497),
 (8069,4176),
 (6474,2879),
 (6546,3553),
 (6240,4512),
 (3598,7029),
 (3943,5047),
 (5580,7697),
 (5976,7870),
 (4631,5294),
 (3301,5814),
 (3274,5784),
 (6160,4284),
 (4337,5689),
 (5289,5448),
 (4466,6740),
 (3813,4556),
 (5867,2937),
 (6490,3741),
 (5643,9100),
 (5389,7912),
 (6471,3070),
 (5769,5013),
 (5126,4447),
 (4817,4386),
 (4324,6307),
 (3379,6809),
 (3846,8633),
 (5759,10327),
 (7981,3873),
 (5580,9040),
 (4086,5715),
 (3883,6636),
 (4565,4240),
 (3253,7334),
 (3575,6439),
 (6258,5335),
 (3518,6519),
 (4363,4537),
 (5115,10095),
 (6304,7901),
 (4734,4514),
 (3968,7118),
 (6315,8732),
 (7296,3816),
 (3827,6338),
 (3590,6499),
 (4998,5985),
 (6322,4028),
 (3633,5148),
 (3152,5369),
 (4610,4889),
 (7453,2975),
 (5763,2968),
 (4744,5790),
 (3211,5999),
 (4037,4567),
 (6019,2924),
 (5574,5298),
 (4142,3159),
 (4695,4050),
 (5149,10345),
 (5483,5084),
 (4018,5218),
 (6076,3462),
 (4416,8909),
 (4051,8847),
 (5399,2745),
 (2974,5563),
 (4320,3752),
 (4973,10611),
 (6084,9719),
 (5117,9206),
 (5229,4802),
 (6963,3884),
 (4608,7263),
 (4744,8673),
 (5512,3421),
 (5984,5630),
 (3038,7291),
 (3762,5491),
 (4188,2868),
 (3492,7720),
 (3967,8984),
 (5484,7920),
 (6116,9081),
 (3454,5754),
 (5215,6853),
 (5340,9837),
 (5711,6023),
 (7889,3644),
 (4812,8843),
 (5382,9783),
 (5915,3476),
 (6043,9463),
 (5428,8530),
 (5676,6799),
 (4634,7654),
 (6280,2692),
 (6049,8690),
 (3516,6910),
 (3781,4581),
 (4269,5158),
 (4020,7126),
 (5818,3487),
 (5466,9171),
 (4984,5606),
 (4233,5995),
 (7544,3961),
 (4571,8330),
 (4218,8662),
 (6708,3716),
 (5499,8927),
 (7568,3353),
 (4934,8158),
 (3906,6376),
 (3983,7233),
 (3490,6153),
 (4573,9104),
 (7496,4109),
 (5151,4271),
 (5550,3978),
 (5979,4936),
 (7920,2923),
 (5962,3232),
 (3958,8679),
 (4576,5805),
 (3650,5942),
 (5843,8836),
 (7790,4166),
 (5661,10076),
 (4557,4624),
 (5377,9913),
 (6095,9691),
 (7724,3040),
 (3995,7547),
 (5866,3740),
 (4820,5640),
 (3163,6732),
 (5245,10281),
 (4954,7673),
 (5612,3370),
 (5185,9995),
 (6554,3982),
 (6724,5070),
 (4604,7807),
 (4273,5964),
 (4939,8875),
 (4030,5152),
 (4240,5835),
 (3661,6701),
 (6028,7161),
 (4679,6367),
 (4766,7694),
 (7128,2919),
 (7268,3243),
 (5362,3826),
 (6913,3292),
 (5672,4132),
 (3453,6103),
 (5149,4716),
 (3175,7163),
 (5469,7155),
 (4987,9549),
 (4338,6002),
 (6970,4111),
 (4354,6014),
 (7935,3033),
 (4285,9010),
 (3532,4844),
 (5061,9526),
 (3935,5019),
 (5873,8292),
 (5863,8982),
 (4111,6259),
 (6706,3981),
 (3900,7753),
 (7656,3275),
 (6354,5280),
 (5969,8704),
 (3272,5994),
 (6716,3407),
 (3337,7128),
 (6579,4936),
 (3937,4934),
 (4310,8316),
 (6648,3974),
 (5662,7450),
 (4949,2976),
 (4251,5160),
 (3450,5819),
 (5800,9555),
 (5054,8398),
 (5739,10057),
 (5974,7751),
 (4674,3719),
 (3938,4879),
 (8555,4116),
 (6547,3352),
 (8131,4185),
 (4575,3817),
 (3713,6222),
 (6625,3076),
 (3778,5181),
 (5285,5345),
 (5435,5393),
 (6048,8589),
 (4654,6816),
 (5936,4561),
 (3721,5258),
 (3405,7136),
 (6710,4725),
 (5141,4532),
 (3872,4820),
 (7559,3690),
 (5869,7165),
 (4193,7437),
 (5565,4270),
 (6061,8968),
 (4518,8767),
 (3639,6152),
 (4631,6318),
 (5147,8094),
 (4519,6707),
 (4666,3259),
 (3292,5300),
 (7407,3740),
 (3289,6919),
 (3931,6870),
 (5332,3811),
 (4348,5210),
 (3938,6963),
 (6071,7751),
 (4247,4940),
 (4330,4341),
 (4608,7290),
 (5000,10016),
 (7203,5504),
 (5287,3445),
 (7917,8294),
 (4663,4711),
 (4432,5403),
 (4508,6244),
 (3485,6621),
 (6766,4081),
 (5489,8052),
 (5045,7623),
 (4307,9153),
 (4424,4870),
 (3968,7155),
 (5438,7527),
 (3413,6691),
 (5817,7730),
 (6926,4299),
 (6416,4223),
 (4659,4767),
 (3631,6506),
 (5261,8501),
 (4324,5354),
 (3262,6697),
 (5026,10163),
 (4776,4988),
 (5854,4699),
 (3868,7541),
 (4477,7177),
 (4157,3507),
 (3364,5185),
 (5291,8080),
 (7371,4492),
 (5166,5848),
 (5286,4147),
 (3336,6662),
 (4897,7267),
 (3767,5296),
 (5270,6741),
 (5615,4106),
 (5397,8259),
 (4569,10589),
 (5683,9104),
 (4047,8879),
 (3481,5732),
 (4816,8549),
 (3814,6484),
 (5642,7608),
 (3564,6757),
 (6991,4435),
 (5405,10135),
 (6556,8738),
 (3903,5789),
 (6189,3173),
 (6758,5288),
 (6313,7762),
 (6810,2876),
 (4833,2864),
 (3252,5041),
 (7991,8078),
 (7772,3367),
 (5059,3293),
 (3913,7120),
 (6358,3472),
 (6154,3107),
 (3393,7012),
 (4956,10733),
 (5931,9441),
 (4480,7029),
 (6563,4175),
 (6675,5630),
 (4859,4670),
 (4885,3628),
 (5786,4465),
 (5333,3321),
 (6936,3331),
 (4452,5228),
 (3917,6611),
 (4130,7212),
 (5885,4079),
 (7552,3062),
 (5858,8043),
 (4060,9478),
 (5837,8094),
 (4799,10218),
 (3658,4530),
 (3698,4972),
 ...]