1.
i) Bubble sort
Answer:
44 78 22 7 38 56 34 2 98 35 45

1st: 44 22 7 38 56 34 2 78 35 45 *98*
2nd: 22 7 38 44 34 2 56 35 45 *78 98*
3rd: 7 22 38 34 2 44 35 45 *56 78 98*
4th: 7 22 34 2 38 35 44 *45 56 78 98*
5th: 7 22 2 34 35 38 *44 45 56 78 98*
6th: 7 2 22 34 35 *38 44 45 56 78 98*
7th: 2 7 22 34 *35 38 44 45 56 78 98*
8th: 2 7 22 *34 35 38 44 45 56 78 98*
9th: 2 7 *22 34 35 38 44 45 56 78 98*
10th: 2 *7 22 34 35 38 44 45 56 78 98*
Final: *2 7 22 34 35 38 44 45 56 78 98*

ii) Selection sort
Answer:
44 78 22 7 38 56 34 2 98 35 45

1st: *2* 44 22 7 38 56 34 78 35 45 98
2nd: *2 7* 44 22 38 56 34 78 35 45 98
3rd: *2 7 22* 44 38 56 34 78 35 45 98
4th: *2 7 22 34* 44 38 56 78 35 45 98
5th: *2 7 22 34 35* 44 38 56 78 45 98
6th: *2 7 22 34 35 38* 44 56 78 45 98
7th: *2 7 22 34 35 38 44* 56 78 45 98
8th: *2 7 22 34 35 38 44 45* 56 78 98
9th: *2 7 22 34 35 38 44 45 56* 78 98
10th: *2 7 22 34 35 38 44 45 56 78* 98
Final: *2 7 22 34 35 38 44 45 56 78 98*

iii) Insertion sort
Answer:
44 78 22 7 38 56 34 2 98 35 45

1st:
Unsorted: 44 22 7 38 56 34 78 35 45 98
Sorted: 2

2nd:
Unsorted: 44 22 38 56 34 78 35 45 98
Sorted: 2 7

3rd:
Unsorted: 44 38 56 34 78 35 45 98
Sorted: 2 7 22

4th:
Unsorted: 44 38 56 78 35 45 98
Sorted: 2 7 22 34

5th:
Unsorted: 44 38 56 78 35 45 98
Sorted: 2 7 22 34

6th:
Unsorted: 44 38 56 78 45 98
Sorted: 2 7 22 34 35

7th:
Unsorted: 44 56 78 45 98
Sorted: 2 7 22 34 35 38

8th:
Unsorted: 56 78 45 98
Sorted: 2 7 22 34 35 38 44

9th:
Unsorted: 56 78 98
Sorted: 2 7 22 34 35 38 44 45

10th:
Unsorted: 78 98
Sorted: 2 7 22 34 35 38 44 45 56

11th:
Unsorted: 98
Sorted: 2 7 22 34 35 38 44 45 56 78

Final:
Unsorted:
Sorted: 2 7 22 34 35 38 44 45 56 78 98

iv) Merge sort
Answer:
44 78 22 7 38 56 34 2 98 35 45

1st:
44 78 22 7 38 | 56 34 2 98 35 45

2nd:
44 78 | 22 7 38  || 56 34 2 | 98 35 45

3rd:
44 78 || 22 7 38 ||| 56 34 2 || 98 35 45

4th:
44 | 78 || 22 | 7 38 ||| 56 | 34 2 || 98 | 35 45

5th:
44 || 78 ||| 22 || 7 | 38 |||| 56 || 34 | 2 ||| 98 || 35 | 45

6th:
44 || 78 ||| 22 || 7 38 |||| 56 || 2 34 ||| 98 || 35 45

7th:
7 22 38 44 78 |||| 2 34 35 45 56 98

8th:
2 7 22 34 35 38 44 45 56 78 98

v) Quick sort
Answer:
44 78 22 7 38 56 34 2 98 35 45

1st:
*44* 4578 22 7 38 56 34 2 98 35 45


2.
Slides 30, 32, 33, 34

3.
4, 66, 33, 88, 77, 55, 22

1st:
				4
				
2nd:
				66
			4
			
3rd:
				66
			4	  	33
			
4th:
				88
			66	  	33
		4
		
5th:
					88
			77	  			33
		4		66
		
6th:
					88
			66	  			55
		4		77		33
		
5th:
					88
			66	  			33
		4		77		22		55